-56
-56
-60
-50
-56
-58
-60
-48
-60
-50
-60
-58
-54
-58
-60
-42
-56
-34
-48
-40
-60
-42
-48
-48
-60
-50
-50
-42
-46
-50
-58
-56
-60
-60
-48
-30
-54
-46
-60
-50
-40
-14
-48
-50
-44
-60
-58
-42
-60
-54
-48
-48
-60
-60
-60
-46
-60
-50
-52
-52
-58
-48
-56
-6
-30
-50
-34
-52
-48
-56
-44
-58
-46
-58
-60
-60
-60
-56
-40
-60
-58
-34
-52
-40
-52
-60
-50
-60
-56
-52
-50
-60
-58
-40
-60
-36
-16
-40
-56
-54
-60
-56
-54
-58
-34
-50
-58
-46
-58
-60
-60
-56
-60
-50
-36
-60
-58
-58
-60
-52
-58
-58
-60
-60
-56
-48
-48
-60
-56
-56
-58
-60
-44
-52
-58
-60
-60
-60
-58
-54
-22
-60
-60
-48
-60
-60
-46
-60
-60
-54
-56
-58
-38
-54
-56
-58
-52
-58
-56
-60
-56
-60
-54
-60
-50
-54
-60
-50
-60
-60
-60
-60
-12
-44
-60
-60
-60
-48
-56
-60
-58
-32
-58
-56
-60
-38
-44
-56
-36
-60
-54
-44
-60
-54
-60
-54
-58
-52
-52
-54
-40
-46
-60
-44
-50
-60
-50
-60
-60
-58
-42
-60
-60
-60
-60
-60
-60
-56
-30
-60
-54
-54
-60
-44
-32
-40
-56
-60
-48
-58
-48
-60
-60
-56
-46
-58
-52
-48
-60
-48
-60
-58
-50
-50
-56
-60
-60
-42
-48
-44
-60
-34
-56
-60
-48
-50
-44
-36
-52
-58
-48
-48
-56
-58
-44
-58
-56
-58
-60
-52
-52
-60
-50
-48
-58
-54
-56
-54
-54
-56
-58
-60
-30
-46
-60
-60
-60
-60
-44
-58
-58
-56
-60
-34
-52
-40
-52
-58
-60
-44
-38
-38
-56
-60
-54
-54
-58
-40
-52
-60
-58
-54
-56
-56
-52
-50
-50
-46
-48
-46
-60
-48
-52
-60
-54
-50
-52
-50
-60
-60
-44
-44
-60
-60
-60
-54
-56
-52
-60
-44
-52
-60
-50
-26
-58
-44
-58
-60
-28
-44
-60
-50
-60
-60
-50
-56
-56
-54
-48
-60
-58
-38
-60
-54
-34
-60
-50
-60
-54
-60
-48
-56
-50
-60
-34
-52
-60
-46
-52
-42
-60
-40
-60
-58
-58
-56
-48
-58
-60
-50
-54
-40
-56
-58
-60
-54
-60
-32
-40
-34
-50
-56
-44
-56
-38
-52
-50
-48
-50
-50
-54
-60
-60
-44
-52
-58
-54
-58
-42
-58
-60
-50
-56
-52
-46
-58
-60
-58
-52
-56
-60
-58
-42
-46
-22
-60
-56
-58
-32
-60
-38
-48
-58
-60
-60
-58
-60
-48
-52
-58
-40
-44
-36
-28
-44
-52
-48
-54
-34
-52
-58
-54
-54
-52
-60
-56
-58
-56
-56
-52
-60
-52
-54
-58
-56
-42
-42
-58
-60
-48
-56
-52
-60
-54
-42
-48
-52
-60
-60
-56
-58
-50
-60
-56
-56
-58
-50
-60
-56
-58
-58
-58
-48
-42
-56
-48
-60
-52
-54
-30
-52
-56
-38
-60
-60
-50
-60
-56
-56
-42
-34
-60
-22
-46
-34
-52
-30
-58
-56
-60
-56
-58
-60
-60
-46
-58
-48
-48
-56
-50
-48
-56
-54
-56
-54
-60
-60
-54
-52
-60
-58
-60
-44
-54
-4
-60
-38
-54
-58
-42
-58
-50
-60
-44
-52
-46
-44
-56
-52
-60
-60
-58
-54
-60
-56
-60
-60
-56
-60
-48
-50
-60
-56
-52
-34
-56
-44
-34
-46
-48
-58
-56
-60
-54
-56
-60
-60
-60
-48
-54
-60
-32
-58
-54
-42
-42
-56
-50
-46
-56
-50
-54
-54
-54
-54
-60
-60
-60
-58
-44
-28
-56
-54
-42
-46
-58
-22
-40
-52
-32
-48
-54
-52
-56
-46
-48
-50
-40
-56
-48
-60
-28
-56
-54
-46
-46
-40
-46
-58
-60
-40
-60
-54
-58
-60
-60
-54
-36
-56
-60
-46
-50
-60
-58
-48
-56
-58
-60
-60
-48
-52
-48
-56
-56
-56
-58
-54
-60
-46
-50
-54
-60
-54
-52
-60
-42
-60
-54
-56
-56
-38
-46
-38
-54
-60
-46
-60
-50
-52
-40
-50
-60
-58
-60
-54
-44
-56
-60
-48
-58
-40
-60
-44
-60
-42
-50
-50
-54
-52
-36
-50
-56
-52
-42
-56
-48
-52
-58
-46
-58
-56
-60
-46
-30
-54
-60
-58
-40
-60
-60
-42
-46
-60
-60
-50
-44
-56
-38
-56
-58
-44
-52
-48
-44
-42
-54
-56
-28
-38
-44
-60
-52
-38
-58
-60
-44
-58
-52
-56
-60
-52
-48
-60
-60
-58
-56
-52
-58
-60
-56
-38
-60
-60
-60
-52
-58
-60
-28
-22
-58
-56
-44
-60
-50
-48
-60
-60
-60
-56
-50
-60
-60
-56
-60
-60
-36
-54
-46
-60
-34
-44
-52
-60
-56
-52
-38
-44
-42
-54
-46
-60
-56
-60
-34
-44
-60
-60
-48
-54
-58
-60
-44
-58
-60
-54
-42
-60
-58
-52
-58
-58
-60
-54
-52
-44
-60
-60
-60
-50
-58
-44
-56
-54
-42
-42
-60
-48
-60
-38
-56
-60
-58
-60
-60
-56
-56
-32
-60
-54
-60
-54
-38
-54
-60
-60
-60
-60
-42
-60
-56
-54
-60
-60
-60
-56
-34
-46
-60
-58
-56
-60
-58
-54
-56
-38
-60
-42
-48
-52
-56
-44
-56
-60
-50
-52
-48
-40
-48
-56
-58
-60
-60
-58
-60
-60
-50
-60
-60
-60
-46
-54
-48
-40
-46
-46
-60
-26
-58
-44
-48
-56
-36
-54
-44
-54
-38
-44
-56
-52
-54
-58
-38
-50
-34
-50
-50
-48
-56
-56
-6
-38
-42
-28
-46
-48
-56
-58
-58
-48
-60
-58
-58
-54
-60
-54
-54
-56
-50
-46
-46
-54
-58
-52
-60
-56
-54
-52
-52
-48
-54
-58
-60
-44
-52
-58
-34
-56
-46
-50
-60
-60
-40
-56
-60
-58
-60
-58
-60
-56
-56
-56
-60
-38
-60
-54
-52
-50
-34
-50
-60
-56
-60
-54
-28
-26
-60
-18
-42
-42
-34
-46
-54
-60
-52
-34
-56
-60
-42
-56
-54
-40
-42
-50
-52
-20
-48
-42
-52
-60
-60
18
-56
-52
-48
-58
-56
-44
-52
-50
-40
-58
-56
-60
-60
-54
-50
-34
-44
-58
-60
-50
-54
-60
-54
-52
-56
-36
-60
-58
-42
-52
-56
-58
-58
-28
-54
-60
-52
-58
-44
-42
-52
-58
-60
-58
-50
-60
-58
-58
-58
-44
-54
-42
-52
-60
-60
-60
-34
-40
-56
-38
-40
-50
-60
-52
-60
-54
-42
-56
-54
-44
-38
-60
-56
-58
-56
-50
-34
-22
-48
-44
-30
-54
-26
-46
-56
-50
-56
-52
-46
-36
-58
-60
-50
-38
-52
-56
-58
-40
-60
-60
-34
-60
-54
-60
-50
-56
-46
-60
-50
-42
-60
-46
-44
-60
-58
-58
-60
-46
-60
-60
-52
-52
-28
-60
-48
-60
-60
-52
-54
-60
-60
-60
-60
-56
-52
-54
-54
-60
-36
-60
-54
-40
-60
-42
-54
-54
-52
-60
-60
-56
-32
-60
-44
-60
-4
-56
-58
-46
-54
-36
-36
-50
-54
-54
-58
-52
-58
-58
-56
-60
-58
-60
-58
-54
-60
-30
-58
-60
-56
-50
-56
-50
-58
-56
-60
-46
-58
-60
-44
20
-54
-58
-48
-32
-54
-54
-54
-60
-60
-44
-50
-60
-40
-60
-52
-56
-54
-40
-46
-60
-50
-60
-60
-60
-22
-60
-42
-54
-56
-58
-58
-58
-54
-50
-34
-52
-42
-58
-60
-48
-60
-60
-50
-58
-58
-40
-60
-58
-40
-44
-56
-54
-54
-58
-50
-52
-60
-60
-60
-48
-50
-60
-38
-50
-58
-44
-60
-42
-52
-60
-60
-50
-54
-52
-50
-12
-52
-58
-60
-52
-54
-46
-42
-56
-60
-46
-50
-40
-54
-60
-58
-58
-46
-44
-42
-60
-34
-56
-60
-60
-12
-56
-44
-28
-58
-44
-36
-58
-60
-60
-52
-60
-60
-56
-52
-60
-50
-56
-56
-36
